@Scatterer_ocean:BEFORE[AstronomersVisualPack]:NEEDS[OPM]
{
	Ocean
	{
		name = Tekto
		AMP = 1
		m_windSpeed = 3
		m_omega = 0.839999974
		m_gravity = 2.45544291
		maxWaveInteractionShipAltitude = 500
		m_whiteCapStr = 0.400000006
		shoreFoam = 1
		m_farWhiteCapStr = -0.180000007
		m_oceanUpwellingColor = 0.0700000003,0.075000003,0.0399999991
		m_UnderwaterColor = 0.200000003,0.400000006,0.300000012
		offScreenVertexStretch = 1.25
		alphaRadius = 1000
		transparencyDepth = 100
		darknessDepth = 100
		refractionIndex = 1.45000005
		skyReflectionStrength = 1
		causticsTexturePath = scatterer/config/Planets/Caustics2.png
		causticsLayer1Scale = 0.200000003,0.200000003
		causticsLayer1Speed = 0.0612000003,-0.151199996
		causticsLayer2Scale = 0.277099997,0.267100006
		causticsLayer2Speed = -0.0748699978,0.174869999
		causticsMultiply = 1
		causticsUnderwaterLightBoost = 1
		causticsMinBrightness = 0.5
		causticsBlurDepth = 200
		lightRaysStrength = 0.300000012
	}
}
